0000
1111
2222
3333
4444
5555
6666
7777
8888
9999
1234
2345
3456
4567
5678
6789
7890
0123
9876
8765
7654
6543
5432
4321
3210
2109
1098
0987
123456
234567
345678
456789
567890
678901
789012
890123
901234
012345
987654
876543
765432
654321
543210
432109
321098
210987
109876
098765
1234567
2345678
3456789
4567890
5678901
6789012
7890123
8901234
9012345
0123456
9876543
8765432
7654321
6543210
5432109
4321098
3210987
2109876
1098765
12345678
23456789
34567890
45678901
56789012
67890123
78901234
89012345
90123456
01234567
98765432
87654321
76543210
65432109
54321098
43210987
32109876
21098765
10987654
123456789
234567890
345678901
456789012
567890123
678901234
789012345
890123456
901234567
012345678
987654321
876543210
765432109
654321098
543210987
432109876
321098765
210987654
109876543
1234567890
2345678901
3456789012
4567890123
5678901234
6789012345
7890123456
8901234567
9012345678
0123456789
9876543210
8765432109
7654321098
6543210987
5432109876
4321098765
3210987654
2109876543
1098765432
000000
111111
222222
333333
444444
555555
666666
777777
888888
999999
0000000
1111111
2222222
3333333
4444444
5555555
6666666
7777777
8888888
9999999
00000000
11111111
22222222
33333333
44444444
55555555
66666666
77777777
88888888
99999999
000000000
111111111
222222222
333333333
444444444
555555555
666666666
777777777
888888888
999999999
0000000000
1111111111
2222222222
3333333333
4444444444
5555555555
6666666666
7777777777
8888888888
9999999999
12345
23456
34567
45678
56789
67890
78901
89012
90123
01234
98765
87654
76543
65432
54321
43210
32109
21098
10987
09876
123
234
345
456
567
678
789
890
901
012
987
876
765
654
543
432
321
210
109
098
12
23
34
45
56
67
78
89
90
01
98
87
76
65
54
43
32
21
10
09
010203
040506
070809
101112
131415
161718
192021
222324
252627
282930
313233
343536
373839
404142
434445
464748
495051
525354
555657
585960
616263
646566
676869
707172
737475
767778
798081
828384
858687
888990
919293
949596
979899